adjbsfc_spdbpt = [600;633.67;667.35;701.02;734.69;768.37;802.04;835.71;
                  869.39;903.06;936.73;970.41;1004.08;1037.75;1071.43;
                  1105.1;1138.77;1172.45;1206.12;1239.79;1273.47;1307.14;
                  1340.82;1374.49;1408.16;1441.84;1475.51;1509.18;1542.86;
                  1576.53;1610.2;1643.87;1677.55;1711.22;1744.9;1778.57;
                  1812.24;1845.92;1879.59;1913.26;1946.94;1980.61;2014.28;
                  2047.96;2081.63;2115.31;2148.98;2182.65;2216.33;2250];
adjbsfc_trqbpt = [-429.414;-377.7933061;-326.1726122;-274.5519184;
                  -222.9312245;-171.3105306;-119.6898367;-68.06914286;
                  -16.44844898;35.1722449;86.79293878;138.4136327;
                  190.0343265;241.6550204;293.2757143;344.8964082;
                  396.517102;448.1377959;499.7584898;551.3791837;602.9998776;
                  654.6205714;706.2412653;757.8619592;809.4826531;
                  861.1033469;912.7240408;964.3447347;1015.965429;
                  1067.586122;1119.206816;1170.82751;1222.448204;
                  1274.068898;1325.689592;1377.310286;1428.93098;
                  1480.551673;1532.172367;1583.793061;1635.413755;
                  1687.034449;1738.655143;1790.275837;1841.896531;
                  1893.517224;1945.137918;1996.758612;2048.379306;2100];
LHV_Fuel = 42600;    % [kJ/kg]
RHO_Fuel = 846;      % [g/L]

% Engine Fuel Map [g/s]
fuel_map = [0,0,0,0,0,0,0,0,0,0,0,0,0,0,0,0,0,0,0,0,0,0,0,0,0,0,0,0,0,0,0,0,0,0,0,0,0,0,0,0,0,0,0,0,1.48e-16,0.036843645,0.118074447,0.199668989,0.281458114,0.36324938;
            0,0,0,0,0,0,0,0,0,0,0,0,0,0,0,0,0,0,0,0,0,0,0,0,0,0,0,0,0,0,0,0,0,0,0,0,9.95e-19,0,0,0.008465438,0.05533967,0.126075146,0.202757879,0.279450855,0.355778628,0.441522757,0.531952246,0.613967614,0.696212867,0.77849777;
            0,0,0,0,0,0,0,0,0,0,0,0,0,0,0,0,0,0,0,0,0,0,0,0,0,0,0,0,0,1.5e-18,0,0,0,0.000807688,0.029233236,0.08607089,0.15188871,0.214052993,0.278353256,0.35336926,0.429946095,0.500681571,0.583866203,0.674863358,0.751191132,0.84422518,0.945487701,1.027923896,1.110589976,1.193295705;
            0,0,0,0,0,0,0,0,0,0,0,0,0,0,0,0,0,0,0,0,0,0,0,8.33000000000000e-18,0,0,7.78000000000000e-17,0,0.0310570450000000,0.0763188950000000,0.130167035000000,0.180599967000000,0.230757168000000,0.297027069000000,0.357623394000000,0.414869302000000,0.487012640000000,0.565830360000000,0.630130624000000,0.710140483000000,0.804552520000000,0.875287996000000,0.964974528000000,1.07027586200000,1.14660363500000,1.24621919200000,1.35789250300000,1.44153783500000,1.52462474200000,1.60775129700000;
            0,0,0,0,0,0,0,0,0,0,0,0,0,0,0,0,0,0,0,0,0,0.0165951980000000,0.0536735260000000,0.0907126860000000,0.133571454000000,0.175302032000000,0.215973236000000,0.257022744000000,0.315863082000000,0.363154073000000,0.423129854000000,0.486647395000000,0.537213502000000,0.604168835000000,0.686013552000000,0.743259461000000,0.818326199000000,0.917607727000000,0.981907991000000,1.06661873900000,1.17815448100000,1.24989442100000,1.34249334700000,1.45815040500000,1.54201613900000,1.64163169600000,1.76103467200000,1.85480943100000,1.93831716400000,2.02186454600000;
            0,0,0,0,0,0,0,0,0,0,0,1.52000000000000e-17,0,0.00541750600000000,0.0304151660000000,0.0616361280000000,0.0941247190000000,0.125972805000000,0.158226215000000,0.192980402000000,0.229111501000000,0.269725509000000,0.310127393000000,0.347753084000000,0.393866277000000,0.443433474000000,0.485995185000000,0.528450132000000,0.598767543000000,0.649770971000000,0.709965031000000,0.792490568000000,0.843669836000000,0.911192914000000,1.01087308600000,1.07164961900000,1.14788882500000,1.25756629300000,1.33368535800000,1.41839610600000,1.53563911300000,1.62450084600000,1.71709977200000,1.83990892000000,1.93742864200000,2.03704419900000,2.16402706700000,2.26773868300000,2.35168570100000,2.43569198000000;
            0,0,0,0,0.00102248500000000,0.0172743270000000,0.0390516080000000,0.0616377030000000,0.0868564810000000,0.110914366000000,0.137619910000000,0.168667018000000,0.195978779000000,0.227430893000000,0.263636313000000,0.298913787000000,0.335497333000000,0.368991323000000,0.401244734000000,0.437752289000000,0.476591927000000,0.518111254000000,0.564463211000000,0.604793481000000,0.650906675000000,0.709874750000000,0.755839304000000,0.801570864000000,0.872462123000000,0.935374217000000,0.996800208000000,1.08358804000000,1.15012617000000,1.21764924800000,1.31870028400000,1.40003977700000,1.47627898300000,1.58961070300000,1.68546272500000,1.77017347300000,1.89312374500000,1.99910727100000,2.09170619700000,2.22166743400000,2.33284114600000,2.43245670300000,2.56441640200000,2.67734660600000,2.76751504900000,2.85776173000000;
            0.107348485000000,0.126078794000000,0.145060027000000,0.169936146000000,0.184620579000000,0.213323228000000,0.240430156000000,0.264757250000000,0.294554483000000,0.321018756000000,0.350460547000000,0.386908374000000,0.418513008000000,0.453365285000000,0.495332267000000,0.534030521000000,0.573679442000000,0.611179670000000,0.644788679000000,0.682903652000000,0.724072353000000,0.766496999000000,0.814253654000000,0.859974407000000,0.907947073000000,0.966915148000000,1.02342721200000,1.07469159600000,1.14615670300000,1.22097746400000,1.28363538600000,1.37042321700000,1.45658250400000,1.52410558200000,1.62636041500000,1.72600745900000,1.80466914200000,1.92025160700000,2.02994186300000,2.12195084100000,2.24677056400000,2.36267998400000,2.46631262200000,2.59635852200000,2.71540378300000,2.82786920600000,2.95982890600000,3.08075075900000,3.18846338600000,3.29621446400000;
            0.292093598000000,0.311653932000000,0.334988227000000,0.374911012000000,0.407362900000000,0.423035384000000,0.442566095000000,0.470817914000000,0.501516430000000,0.532577003000000,0.566855056000000,0.604981024000000,0.642698997000000,0.682400633000000,0.726252505000000,0.768205314000000,0.808796176000000,0.850361276000000,0.889358796000000,0.928875213000000,0.970350560000000,1.01422152300000,1.06263939900000,1.11264627000000,1.16431463100000,1.22395554500000,1.28594829800000,1.34683793800000,1.41985128400000,1.49507335100000,1.56967695200000,1.65725839500000,1.74568110700000,1.83056191600000,1.93281674900000,2.03452008900000,2.13305930000000,2.24864176600000,2.36271712300000,2.47372820800000,2.59854793100000,2.72087802300000,2.84091904700000,2.97096494700000,3.09781248800000,3.22328171000000,3.35524140900000,3.48399443800000,3.59833699800000,3.70145694000000;
            0.440444109000000,0.457158599000000,0.479444661000000,0.513791215000000,0.555440801000000,0.586707610000000,0.636814636000000,0.670986042000000,0.703132587000000,0.740037050000000,0.778147930000000,0.819142508000000,0.865389120000000,0.910177762000000,0.957392853000000,1.00656001800000,1.05042646100000,1.09629296700000,1.14448050200000,1.18819276400000,1.23311169000000,1.28266302200000,1.33297406100000,1.38669092900000,1.44660328800000,1.50850828900000,1.57445761600000,1.64773375200000,1.72287180900000,1.80071439500000,1.88558124400000,1.97382883000000,2.06603177000000,2.16817911100000,2.27065275800000,2.37759828900000,2.49508391400000,2.61115383300000,2.73265094100000,2.86441653800000,2.98973069400000,3.12119568400000,3.26079079200000,3.39109350900000,3.52914388400000,3.67246735200000,3.80442705100000,3.96121986700000,4.15433343900000,3.88784295200000;
